2.923066
2.921778
2.251693
2.261162
2.072127
2.096279
2.113940
2.154540
1.973940
1.937129
1.890588
1.873016
2.051149
2.063766
2.011838
2.047389
1.758541
1.725585
1.714888
1.787873
1.732990
1.753279
1.770803
1.719304
1.720576
1.770884
1.685512
1.715027
1.691790
1.753647
1.713596
1.734231
1.764176
1.715628
1.723421
1.689122
1.710694
1.802930
1.757342
1.739238
1.732748
1.709857
1.713282
1.675219
1.682078
1.675282
1.708210
1.742369
1.675441
1.678426
1.764163
1.752067
1.642656
1.647151
1.857218
1.876146
1.811405
1.884534
1.668595
1.665720
1.938058
1.935303
