4.148828
4.130225
4.328051
3.192157
3.223418
3.138308
2.859141
2.855377
2.811929
2.681523
2.583963
2.645542
2.481108
2.487023
2.512940
2.491536
2.509614
2.530880
2.935400
3.023653
3.093510
2.199836
2.246749
2.257753
2.228274
2.269990
2.321628
2.300701
2.287249
2.313352
2.050222
2.136203
2.115190
2.020524
2.069188
2.064972
2.018060
2.115723
2.137136
2.166275
2.157304
2.176628
1.922157
1.923840
2.575143
2.360285
2.308890
2.146908
1.973948
1.994491
2.260118
2.009126
2.048630
2.012993
2.027987
2.143564
2.062480
2.170384
2.193736
2.097834
2.232946
2.239878
1.967623
1.989040
1.989701
1.943542
1.997541
2.008386
2.067790
2.025292
2.278007
2.291416
2.159035
2.261590
2.019134
1.942960
2.229047
2.159762
1.976033
1.861686
1.943042
1.863039
1.951365
1.935744
1.870848
1.877337
1.870730
1.863553
1.888415
1.889562
1.809305
1.878325
1.849721
1.844647
2.067024
2.054743
